4212
2975
3911
5963
5813
4540
5873
5705
5448
3226
5237
4414
4364
2800
6049
8690
3908
6247
3342
5015
6031
9235
2984
5510
3737
5709
6861
4858
6329
5541
3511
5610
4214
6736
4064
6133
3969
6991
3415
7453
4303
5082
3633
5778
4457
5492
4007
6093
8043
4114
6874
3105
6945
4563
5122
10269
5526
5600
6937
3028
5313
3573
3440
5366
5116
9909
4934
9846
5737
6706
5875
3424
3650
5942
5769
5013
4339
3814
5645
6843
5503
5987
3079
5467
4404
5235
4403
5157
4981
8749
5613
9235
6001
4208
5705
6322
3923
7088
5115
8380
3945
7612
4497
6973
3572
7699
5244
6215
2974
5563
3550
6485
5738
5532
5624
2771
3247
5335
5757
3603
5115
7932
7239
3194
3814
6484
4602
9049
6328
4553
4576
5299
7646
4247
5713
9271
5839
2720
6678
3859
3227
6693
5042
8427
6001
3675
6052
8756
6283
3684
5507
6312
5154
8847
7430
3487
6188
5246
5069
9916
6242
5031
6718
2633
7096
4242
5834
7358
6923
5659
5401
8565
5044
5534
7412
4164
4826
4298
5762
8952
6559
5255
4192
4923
4248
5204
4137
7763
4955
4724
5704
9253
7604
4564
5345
4118
5751
8586
4112
6213
5240
2797
4752
6085
8297
3683
6147
3131
6059
5507
4925
9476
3581
4885
3846
8389
8041
4299
3514
5758
4863
7599
3624
6177
5273
6278
3788
5377
5715
8892
4470
4127
4984
5606
4351
6613
4803
7911
5957
7339
