5866
3179
6076
9533
5262
9895
4542
5368
3374
5671
4359
5851
4185
3858
4840
9236
5667
8318
4588
3082
5264
5698
6372
4530
4888
3702
6602
3451
4891
3079
4672
4540
5723
2854
4675
4367
4773
6930
3926
5072
4898
7321
4393
8855
3396
5248
5231
3041
8189
3753
4077
4996
5359
6688
4285
4430
5530
9150
3116
5565
6510
5025
4203
6997
5082
8716
4159
5481
3799
7054
5521
5873
6365
3150
3891
5652
5974
9480
3419
5684
6084
7836
5303
10121
5274
9771
6071
3154
6959
5524
7038
3759
3370
5455
7914
2874
5957
9190
4115
5564
4305
9329
5211
5719
4384
2960
5371
5121
5574
4764
3574
5779
4952
3059
5912
3913
3517
7048
7043
5853
6712
5436
5226
3789
3688
6724
6243
5023
4036
3348
6497
8651
5527
8852
4797
3749
6628
4687
4826
6073
4571
8330
5716
5446
7109
4383
6588
3865
5998
9469
3314
5898
4717
3492
4488
4899
4770
6036
6437
3856
5162
7172
7672
4167
5103
7231
5106
10145
7881
3997
5973
9445
5024
6100
