6739
2930
5263
7358
3828
4489
5573
7221
3987
5515
4438
5643
5818
6506
3981
2997
4740
6659
6355
5755
4688
4997
5623
5206
5289
3603
5323
8082
4084
6489
4199
5711
5190
2963
7482
3141
3061
5459
4365
5992
6074
3730
7656
3275
3915
5119
7281
5010
6962
5138
3380
5354
6160
4284
4000
7342
4281
6979
5415
7049
6297
4833
6783
3938
4481
7315
5308
9203
4632
6522
5749
8230
4946
9540
4694
8376
5555
9429
5522
7140
5018
5541
3741
4934
4478
4737
5048
8141
5409
5305
5330
8529
4259
6110
5667
10244
5047
3852
5462
3274
3143
7104
5160
6502
4389
5556
5068
4662
5793
4661
6522
5441
4168
3239
6758
3149
4807
6384
5454
3871
5351
9115
5909
3169
3878
5984
4251
8985
5884
7423
3234
4998
4431
4979
3177
4942
4296
5203
4061
5061
6547
3352
6235
3918
4105
5578
4653
4846
4577
7649
4149
6815
6398
3230
5956
7201
5106
10433
6114
3860
6684
3265
5126
3997
6418
3518
4207
5444
