3773
7368
3641
6994
6597
2970
7208
5037
3288
6170
4729
3149
4977
3774
3088
7339
3275
7480
4751
5689
5551
3189
4313
6188
5884
7233
5087
10144
6027
5312
6432
5514
5843
8836
5548
8077
5841
3250
6034
4740
4581
8976
3717
6707
4003
5167
5366
5857
4992
7407
4609
8332
4825
3624
4826
3112
5100
4716
5939
3194
5423
10550
5170
4054
5465
4133
4223
7817
4892
4149
5456
4402
5533
7825
5530
7999
4303
5274
5085
10320
4655
7981
4262
4967
5798
9879
4014
6185
6155
3848
5380
3125
5501
3779
6032
9614
3379
6809
6602
3451
4675
5942
4059
8582
5331
7089
5605
5253
7409
3601
7539
5456
4438
6209
6078
2967
5206
10174
5693
5188
5420
5648
4129
8025
4290
5781
