9079
9094
10903
10331
5492
6110
7211
1203
5086
10337
13272
6297
10334
20128
6622
11005
17656
11508
12855
13306
8855
3545
13378
17205
15214
14720
10654
16288
1469
9825
12882
8043
5348
8099
5246
9906
7640
4025
9408
18367
14227
22425
3796
10527
12844
14115
15442
18746
16216
17016
13225
9365
1937
8376
10425
14291
7150
16796
3037
7965
3895
10411
9930
10470
12609
14473
10937
10622
15577
4043
6757
4397
7194
20344
8705
13274
4403
6163
4170
5651
12440
9685
9898
4579
10399
18716
6224
10434
2862
8085
8730
1871
17686
11840
1934
8799
8912
11349
7671
20813
5337
17873
13110
18149
12993
22013
1473
11703
9456
19970
9717
13609
3429
7554
11758
11564
1674
12199
10956
13296
12180
19408
3670
9687
8875
21028
7369
18632
14974
11237
9493
11710
17276
14852
3532
7847
7383
18434
2125
5559
2976
6900
11775
1561
16273
15886
13243
17659
11848
12427
2801
12513
3176
5788
6539
20424
7515
3699
6861
15474
9983
12068
14270
11440
5791
4019
14164
9975
14668
14220
13326
16581
12945
17243
7680
518
4215
9578
3782
9093
8371
21495
13440
21597
6623
8013
9128
2020
14296
4201
14555
20151
3762
7503
11265
12703
10469
16922
12921
21505
2426
9225
13578
5552
11143
12802
1311
12431
15969
19274
10790
971
1071
8678
11637
15240
17143
12659
415
13952
10674
13950
6643
21577
11674
10948
8716
1443
15212
14298
15659
11029
2249
6155
2579
8959
13124
17123
12123
10263
10665
12582
13899
15069
2843
9001
9028
10044
8853
5721
8014
20268
