2591
6915
13588
1501
8444
11250
8800
17617
4764
4268
15806
17030
8628
11919
8211
22646
9359
2741
11262
10587
12962
13275
15470
15799
1059
9427
3100
7880
11030
13597
17294
13641
4751
7591
1532
8754
12056
11633
7529
18640
7461
1517
15088
3298
14073
2980
12778
12195
13180
1701
15425
19901
4123
9707
5687
6471
3181
8909
2041
8107
10776
9818
4342
9069
9865
9838
9094
6231
14860
15427
11073
13859
11698
20849
11336
11285
13048
17504
3788
8729
8488
10789
734
11618
11338
9787
10648
15089
985
8828
16143
16086
10258
15799
7092
19740
6245
21101
15566
17653
5150
8719
17578
11326
1893
12110
15570
10693
13186
11250
10194
10759
10720
527
6747
22942
14586
10660
1821
7920
2386
6375
554
8304
13060
11175
10325
4572
8812
3260
4590
7821
4071
5550
9730
14046
3107
7733
16711
15917
14187
3873
8395
2380
3373
2532
9968
14654
13166
11980
8346
21182
2094
8651
4196
10122
2456
9962
13902
15477
10159
2351
15153
11928
15979
14194
8511
3539
3673
19566
4474
10165
4848
10291
11018
10086
8912
11349
13214
6872
3022
18432
11407
10109
3072
11310
7616
2426
7072
18921
14175
9913
7709
6868
3373
6803
11053
13276
11773
18294
16452
14829
12350
18479
628
8170
1469
9825
8782
12129
4244
6915
12501
16720
12899
16307
13794
11553
13155
10846
14212
12048
