8805
8196
12582
5640
13770
10024
6828
10759
10530
9934
12831
17020
12900
11265
12278
11887
11030
13597
7132
3942
8883
2994
5585
14934
4707
6330
3074
5461
11709
2110
17069
13689
8269
509
10493
18047
2597
6430
11938
11812
10812
12756
5966
19852
14140
19264
11611
13804
12536
21044
14001
15072
15592
10917
12416
10242
9688
14263
11039
10634
4988
4366
16996
16298
16106
16956
9377
4538
12278
13617
11647
12105
6933
7922
16898
11702
12691
7018
4553
7987
12344
10349
7484
7077
6739
13813
4210
7037
2221
9970
11363
13742
12882
20481
8705
15098
12814
14791
12222
11091
4302
10921
518
11370
9579
3897
14991
19098
13332
982
14107
18228
12625
12619
15530
20128
2798
5714
3192
14409
17864
12666
11118
11145
9234
15550
9126
19506
5871
3604
11010
11653
15216
12025
11103
10109
3959
3946
12769
15759
8187
7368
5998
5424
13949
21270
6874
5444
14962
5195
13382
20738
5995
21700
9166
4864
14815
15150
4600
10289
