10998
1275
15907
14968
4737
4890
5541
5954
9411
10993
11421
5705
9488
9434
12185
10209
3647
9689
16246
11332
12652
2306
10207
16543
13075
7335
14187
3873
3167
750
2987
9066
11131
7137
13226
10625
12240
9192
12181
19997
9469
13031
15168
12502
11990
14497
14157
21726
13472
19264
10202
19969
13700
20176
734
11618
10778
11049
15689
18506
3231
7755
8781
11778
3562
6594
4908
5324
7690
21087
14827
11274
11090
17178
14579
11719
14720
20469
11154
12975
3389
19483
4690
7498
8368
12329
12753
13019
8599
7662
9211
12401
2275
7042
3450
7052
3831
8030
6303
4869
7495
11464
5589
8540
3809
19466
