5931
4268
4895
7585
7911
9758
4302
7829
3569
6499
3732
6497
3649
5677
5108
5206
7931
6969
6830
7416
4077
3009
6237
5119
6947
7280
6807
9114
5217
10339
6228
9159
4385
7922
8722
7155
3648
5343
3219
5266
5606
3648
6116
9195
6799
5395
5996
4173
5927
4049
4035
5254
5853
4764
6817
4235
4366
5070
6367
3417
5898
9542
5008
7021
5308
9821
5961
10236
3924
5142
7552
10339
6344
3653
7577
3803
5458
10232
5413
5376
5870
3331
3155
5585
6204
7815
4792
3404
5142
8002
3962
8219
4509
5340
3404
4538
3460
6417
3871
5548
8261
6832
7653
7786
5124
3934
3629
5809
7923
6928
6406
4592
5674
9330
5153
7770
4282
9073
7332
7276
6574
3271
6527
7181
6016
8785
7538
5014
4137
5192
6497
6472
5801
3344
7121
5271
8750
8359
7318
3625
3696
5920
4287
4872
4925
9476
3737
5049
6484
3684
6276
6907
3381
6740
6730
8554
8256
9015
5383
10269
7557
6518
3288
6294
6028
6107
3878
6032
5841
6686
6954
7361
7076
5773
8261
8217
4754
4928
5414
8095
6243
5023
4866
10616
5126
4447
7140
6328
5673
2852
5413
3227
