4112
6193
4445
4588
5690
3200
8231
6820
4055
7044
3270
6012
7421
6391
6946
4716
3182
6331
4225
6172
4462
4327
4748
8912
7034
6455
9045
6462
6753
5738
4290
3785
8172
9335
5686
4043
4130
6129
8525
3742
5791
10072
4176
6816
5904
9628
5163
9523
6432
3203
5542
10359
8100
7967
7114
7853
4154
6262
6431
9613
5639
6909
6611
8822
7000
4698
5761
10088
5977
9328
4941
6145
5725
9311
7889
3644
6732
5956
4776
4718
4889
10571
4196
4981
6300
4596
7078
6831
5620
9417
5086
7641
7356
6721
7374
9320
6689
7178
3220
6396
7925
4332
3860
6883
7126
9198
4812
5086
4501
4951
6041
4214
7124
7156
5959
6064
5090
10382
6094
8949
3776
7638
2984
5422
3392
5623
5738
6034
5241
4599
5233
2958
6165
5261
4104
6104
4212
6071
7533
3754
4645
6893
6663
6610
4881
6947
5326
5402
4249
5766
8152
3848
3561
5102
4991
5628
8458
7639
7391
5914
