6558
4954
6858
3346
5541
9775
5150
3334
8455
6547
4452
4259
5308
9203
5962
10065
3978
6897
7485
6545
6508
3317
3773
7642
6432
3305
6909
6065
3744
4552
8000
6315
5843
9750
6207
6166
5584
3763
4052
2823
6795
6141
5526
5600
7613
6621
7247
8284
4693
5524
3475
5667
4285
6178
5737
6064
6159
9467
8024
7155
3912
5196
3815
8500
3694
7134
6058
3053
4544
10673
4898
5100
5163
4589
3748
7333
5283
4128
6739
5262
4360
5815
5343
5524
3502
7088
6956
2928
4870
5384
3525
4782
5340
10290
5025
10504
6402
5140
6645
2732
5692
10129
5551
8038
3963
4999
2926
6609
5767
10065
8172
9335
3974
7015
4516
5660
3972
4946
4117
5487
6605
8640
4129
8025
4129
3492
3913
5329
5355
9725
7494
9578
6585
8642
3164
5563
4217
5232
8224
6749
6017
7205
6052
6938
6966
3914
3954
4553
3994
5104
7493
4304
5018
9831
7397
6925
5413
3227
5567
7595
8725
7539
7511
7790
5464
3689
7017
6373
4056
4740
4749
8174
4554
4128
6286
3174
8085
9928
7218
6645
5829
3831
8204
7668
4004
6997
5503
5987
3320
6859
7489
9912
6126
5137
5265
8305
7890
7907
4869
6524
6067
8700
4569
3411
4577
6770
3935
5312
6012
6926
7899
6098
3965
7075
6686
5237
5710
7590
7421
7543
5958
9394
7971
6526
5412
8310
4259
3953
5896
7952
4178
6225
6341
4752
3016
5399
7786
6124
3875
4650
5800
9555
8381
9162
5966
3286
