7765
2962
6193
3966
4356
5072
6788
6060
5495
8988
7607
7460
4631
8290
3041
5481
8301
4112
5038
5887
5306
3164
5406
9360
5413
7700
4419
5143
4192
6220
5586
4077
3889
4789
5479
2681
3866
8579
4363
6039
3325
4566
5989
3515
4192
5933
3873
5815
5626
5774
4087
5976
7404
10242
5724
4935
4753
3009
8152
6311
3493
5498
7632
3428
8045
7601
5418
9906
3334
6638
6585
7001
4952
3059
3369
5819
6387
8819
3226
5477
6823
5221
6178
4968
4077
5957
3155
6692
4867
4126
4549
4817
6283
3684
6470
4656
5394
8455
7532
5931
6809
3395
2925
6597
4730
5094
4184
5209
6727
5780
4530
8826
7285
3034
4963
6178
3571
5762
