6377
7376
7018
8446
6929
10009
7021
9538
8581
8302
6408
5972
7443
7726
7431
7999
7390
8725
6988
8192
8039
10067
7688
6301
7836
8916
7477
9962
7596
8633
8750
7439
7840
9300
6678
6035
7066
5951
8427
8588
7749
9296
6515
7453
7138
9159
7121
7702
6711
9918
8596
7261
6920
7208
6219
9604
7737
8406
8867
7313
9005
6682
6496
8585
6774
9395
5833
6635
8532
8259
8641
6687
7677
6998
6190
6559
8133
7685
6606
8377
8299
8047
7716
8426
6886
7762
7213
6988
8517
6530
6275
5997
6783
8486
7561
6660
8408
6929
8821
6967
6433
6095
6880
7894
6339
9872
5716
6296
6493
6108
6688
6278
7771
8084
7885
8039
8446
7457
7241
8425
8458
8114
5720
6438
6806
7274
6346
9478
8289
6418
7630
6450
7554
9834
5722
6397
8539
7643
6890
6277
7397
6925
6882
6448
8455
7932
6212
6297
5860
6484
6602
7093
8448
6486
7820
10209
7372
6358
7117
6640
8092
6541
8027
9400
6727
9788
6320
5898
7250
9608
7843
8057
7575
9804
7410
7806
7397
7856
6174
7165
6630
6205
6326
6222
6200
7500
6169
7034
6752
9425
6934
7340
8214
6516
6912
8097
7239
6838
6408
8288
