7894
6209
6488
8999
7503
8214
8058
6621
7798
7236
7564
6811
8313
9331
8829
6796
8605
9142
7731
6242
7951
6990
7107
7317
6201
9320
8868
7748
7790
7650
8028
7297
6466
7188
8515
7025
8272
6812
6936
8462
6511
5936
6562
7758
8325
9069
6477
8088
7624
6137
7576
9087
6764
7080
8558
7664
6973
5987
7824
6408
7074
9924
6331
9346
7134
9714
7693
8495
7896
8474
7526
6992
6881
7408
8103
8129
8560
9241
6377
6921
9005
6682
7278
6192
6611
7336
7551
5952
7387
7168
7781
8327
7947
10073
6396
8570
6995
6413
7374
9320
6914
9189
7134
6944
6904
9421
