6211
7005
7563
9157
7689
6726
7852
6238
6225
8532
8245
6740
7132
9522
7745
9145
7441
7312
8082
8138
7810
6741
7907
7767
8022
8601
8047
8723
7079
9126
6770
7869
6088
6130
6573
7041
8602
6887
6915
6854
8432
6607
7406
6501
7918
9819
8159
6393
8468
7872
7147
6642
8424
7718
6967
7978
7002
7646
6697
7916
6671
7581
7813
8531
8244
7458
5884
6394
6496
8585
6618
6012
7749
6294
6215
6692
6746
10041
5928
6083
7376
6722
7510
10145
8487
6518
8374
8646
7668
7453
8806
7321
5978
6783
7410
9878
6701
7593
7917
6827
6224
7643
6285
9253
7671
6907
6898
7470
8546
7006
7790
7650
7632
10130
7467
7181
8251
7984
6319
6383
7826
6135
7511
9650
5964
6418
6980
9778
8353
7958
7844
8512
7136
8279
7250
7283
6727
6300
7089
9581
8586
7725
7798
7236
6713
5935
7525
7942
7352
7500
6566
6748
