7021
7667
8676
7982
6253
6047
5716
6296
6707
8624
6516
8585
8150
8667
5738
6267
7590
9006
7254
9052
7598
9502
8065
9462
8077
7329
8951
7003
7349
6175
6898
7470
5962
6923
5762
6187
7653
8473
5873
6171
7288
8740
8494
8197
6721
8999
8209
9650
7478
6009
6141
9064
6833
7588
6583
9144
8155
7626
7834
5954
6604
7740
8637
6788
8769
6773
6704
8917
6470
6622
6930
7673
7695
9365
8002
6962
7508
6951
7134
6944
6142
6042
7299
7801
6724
7078
7519
7851
7507
6263
8705
7781
6283
7433
7836
9856
7323
8388
6664
8430
6054
6200
8487
6518
7658
6057
7427
8787
6800
8113
8824
6907
7300
9853
6858
6305
6710
8543
8506
7004
6287
9667
7890
6067
8688
7477
7452
5897
6135
9206
7043
6485
7566
10249
7835
6864
8215
7184
7142
8613
6739
9727
7938
6353
6855
7316
8558
6511
7838
9806
6511
6846
6906
9603
7077
10106
6962
7867
8396
7202
5744
6368
7129
7278
7503
8912
7565
9116
6362
8184
8371
7312
6217
5701
7440
6644
7702
8293
8345
6997
5977
6803
6892
7166
6177
6862
6289
6382
6488
8999
7552
8024
7720
6485
5776
6319
8176
6929
7669
7180
9012
6531
6692
7794
7246
8536
8550
7380
6695
6804
7040
6313
8555
9362
6904
8259
7532
8013
6706
6087
7773
6194
7861
9049
6896
10078
7354
8855
7973
7183
6568
8315
7205
9707
7298
10369
7013
6696
7739
7446
8734
6873
7469
6433
7448
8080
7489
6919
7856
6147
8109
6603
7672
9677
7426
8362
7070
8872
7808
8642
6955
6633
6599
9701
8628
6757
7732
7365
7247
5969
9002
6996
