3994
7087
4127
6635
4508
6491
3217
7074
3576
6344
2950
6350
4279
7610
4594
7549
3042
7212
4730
7684
3485
6621
4068
8111
4128
7349
4501
6884
5021
7083
4287
6315
4792
7073
5126
7292
4235
7347
3033
6180
3400
6586
3227
6951
3369
6698
2945
6284
4366
6867
4664
8123
3045
6035
3382
6707
4916
7802
5190
7226
3489
6356
3944
6624
3159
6482
3753
7194
4168
7065
3732
6353
4735
7735
3079
6259
3800
6879
3512
7123
3716
6117
4405
6541
3269
7278
3773
7642
4067
6319
3669
6855
5000
7592
4774
7775
3789
6258
3272
5994
3674
7592
3527
6532
3485
7114
3036
6669
4043
7096
4697
7297
3026
7407
3945
6548
3660
7566
