3833
7286
4287
6315
4477
7177
3758
7507
4827
7980
3531
6470
3285
7434
4204
7650
3763
7856
4055
6864
3145
5877
4597
8040
3381
6740
3141
6324
3145
6750
4751
6913
4357
6445
3341
6820
4351
6613
3176
7033
3503
6845
4478
7476
4980
7814
4910
7698
4511
7619
4382
7134
4705
6877
4715
7283
3046
6527
3117
7239
3503
6124
3545
6584
4211
6866
3222
6992
4964
7318
3422
6535
4398
6322
4164
7013
3646
7509
3981
7202
4478
6483
3973
6395
4472
7563
3051
6572
5263
7358
3922
7358
4631
7327
4470
6789
4865
7808
3163
6220
4979
8026
4657
6925
4337
7238
5045
7623
4988
7882
4615
6802
3278
7163
4340
6856
3302
6138
4569
7266
3982
7190
3179
7078
3282
6792
3503
7129
3371
6489
3382
6860
3489
6356
3742
6329
4606
7042
3530
7286
3245
7040
3935
7075
3058
6070
4551
6988
4579
7338
3684
6578
5021
7083
5029
7867
3601
6970
3110
6091
4715
7828
3652
7853
3093
7177
