3527
6200
3244
6696
3630
7311
4041
6270
3653
7436
3991
7882
3607
7151
4351
6613
3208
6860
3175
7163
3606
7716
3036
6669
3381
6556
3007
7303
3234
6449
4004
6964
3144
6595
3682
7121
3194
5840
4575
6488
4519
6707
3909
6717
3452
7003
3762
7041
4417
7353
3302
6364
3577
7434
4046
6620
3088
7339
4214
7147
4585
7186
3128
6113
4990
7364
2918
6528
4918
7492
4368
6402
3014
6478
3212
6360
3594
7253
4130
7212
4563
6673
3550
6097
3922
7166
3412
6509
3068
6450
4572
7504
3306
6706
4099
7251
3364
6412
4849
7759
3456
6905
3792
6322
4095
7524
4292
6259
3394
7102
3732
6353
4598
7690
4778
8065
4739
8087
4567
7387
3596
6219
3922
6497
3545
6584
4602
6999
3096
6686
2972
6406
3021
6137
3912
6441
3036
6232
5065
7284
4794
7620
3141
6324
3116
6445
4639
6747
3310
6622
4846
6963
4324
6307
3742
6520
3145
7447
3201
6507
3340
6908
3642
6330
4314
6359
4763
6889
3020
6429
4501
6884
5250
7312
3381
6740
3883
6327
3541
6802
3253
7013
3063
6054
4095
6921
5045
7623
4584
6838
4543
6534
3453
6103
4992
7407
3087
6768
3678
7181
4697
7297
4767
8112
3935
6329
4939
7887
3026
7407
3610
6945
4477
7177
3443
6643
3983
7322
3296
7079
3779
7308
3024
6768
3288
6294
3148
6902
3768
7110
4366
6867
3444
6338
4840
7129
4337
6401
3970
6822
