4276
7423
4348
6469
4279
7610
3026
6604
3789
6258
3918
7502
3148
6902
4085
6352
3872
6801
3732
6353
3987
6246
5000
7592
3093
7177
3231
6833
3867
7124
4047
7717
4881
6947
3710
7167
3296
6602
3563
7097
3503
6845
3734
6609
3341
7490
5069
6992
3473
6225
4471
6423
3288
6294
4444
7500
4220
7736
3409
7117
3557
7180
4032
7316
5077
7714
3922
7358
3155
6692
3296
7079
3520
7107
3717
6422
3456
6923
4964
7318
4713
7549
3801
6132
3606
7698
4218
6845
4776
7640
4142
6528
3699
6157
4092
7098
3432
6245
4372
6751
4443
6389
3603
6093
3553
6250
3758
7507
3281
6521
3577
7434
4886
7634
4561
7198
4535
7032
3891
6257
3296
6114
4761
6760
3750
6664
4396
7630
5162
7172
3140
6807
3148
7403
4097
7278
3088
6091
4089
6450
3458
6514
3777
7783
3116
6445
3145
7447
3294
6654
3819
6529
4558
6772
3875
7678
4370
7071
3970
6822
4349
6942
3623
6597
4418
6792
3814
6484
3042
7212
4645
6893
3364
6913
4820
7942
