6850
3800
4700
2500
4100
11150
11750
7350
14200
2800
6900
10450
15950
2800
12050
9350
13600
5850
7050
10400
5300
6450
16300
9350
9700
3300
3350
1700
15250
2000
14400
2050
16600
5500
9000
9250
3700
2800
5750
5700
15700
10300
4950
3500
4950
3300
6350
8850
3900
9250
5400
6050
9800
3100
11250
10050
16350
10200
15650
2800
16600
6600
12800
10650
3450
9450
9400
8150
13747
5256
10050
6050
3550
1600
6050
11550
9800
3800
9100
4900
13650
3300
16400
8350
16103
6057
13050
2800
6100
3650
5250
5350
11700
11250
11850
5500
15100
10850
6600
9800
13600
10150
3250
7000
15950
11550
13700
4150
5350
1450
11354
5950
15499
5607
4650
6400
4150
1500
8500
11200
9150
8250
11200
11550
8850
10150
14200
4350
5600
10250
11200
3450
11650
10450
15950
2300
13600
3150
12850
4650
5998
5500
8500
9500
9450
3000
15100
4250
1150
2250
7200
10500
4800
6100
8200
1450
13600
3500
15500
3300
6300
2300
6150
2300
7200
8000
9200
3500
6750
8600
16600
6750
5050
3800
5700
6150
4300
9950
10750
7850
