14200
4750
9200
7450
10950
11150
10200
3750
14600
3600
9400
8150
11200
11550
13900
1700
4500
9750
6800
6000
14800
6050
10350
9750
11750
7350
15650
8600
15700
11150
4100
3500
5700
6150
15650
8500
9750
2350
10200
2750
5550
8750
10900
11050
15450
9750
9050
2800
15600
4400
5550
8950
15050
6650
15650
11050
8650
7850
9000
7300
15100
10250
15900
8350
5550
6150
6350
8850
12100
4900
4400
8250
14350
1900
10700
7650
15648
3206
8950
9450
4100
2950
6000
2800
13950
7450
8750
5550
6200
10300
9300
7900
8150
3200
6150
10400
10350
3750
14550
6050
4150
3300
13100
11600
11450
9650
10000
2250
8300
2800
13550
2000
16200
9800
6600
5200
15500
4450
7050
10400
5150
7000
13750
5950
11700
4150
15100
2250
8800
2150
10750
2800
6950
11250
14000
4950
8700
5950
8850
4750
7000
10500
5200
3150
5850
3750
14550
5750
6000
7000
6850
3800
13600
10150
7200
8000
16850
3800
4250
1650
8800
9200
10749
5607
6300
2800
11050
2300
10898
3099
9800
5750
8300
3300
9000
1650
13600
5850
15450
10250
8700
1700
13400
9250
