15100
10850
4250
1650
10748
5500
11450
9800
10750
2800
3700
2800
8997
5256
8200
9450
13600
2950
11500
8500
8900
1500
13900
1700
3950
4250
5950
7650
15850
8850
4600
11100
16050
11350
9850
3600
15400
7350
6950
11250
15500
8450
12100
7650
6950
4150
13950
1450
6550
5500
9750
2350
6805
8749
13450
1700
11248
6057
10300
6650
14200
3500
15650
8600
7300
9150
16800
9350
5650
5350
13805
5554
10400
5500
8800
2000
8850
10150
16000
11150
10750
7000
3250
7000
15350
3750
7200
10500
7100
9750
15950
3650
4550
2800
8650
7850
16500
10050
6450
3450
15100
9750
13550
2150
3750
10500
5750
2000
11850
6750
15550
11050
5050
6050
6850
3800
6700
5300
15100
10250
12800
7550
4000
5050
6100
4150
9200
3500
5150
6550
10150
2050
7050
10400
13700
9850
11700
11250
4200
9450
15500
3950
13750
1650
9250
5450
6350
11350
13700
4150
5850
3750
13747
5256
13550
2000
15500
4450
9250
9750
15600
4800
15450
10550
13100
11600
10750
3800
6500
10050
6250
8950
8100
4650
8700
6350
10350
2250
11200
3450
6200
10300
6150
2300
15050
7650
8950
9450
5300
6450
10350
10850
10750
3950
8300
3300
4100
11150
10900
2300
11354
5950
10500
5700
8200
1450
9050
10150
6600
5200
6106
5606
4650
6000
9000
1650
6600
5700
15550
11550
11200
2300
