6000
7000
9450
2500
10150
2300
6000
2800
10300
8950
10450
6000
6450
4950
10900
9200
9250
5450
16200
5300
10150
6050
11555
8749
4500
6050
9000
6350
11000
8950
16850
4750
7000
10500
13500
5550
15500
8450
10898
3556
13500
5050
6700
9650
4247
5256
9200
1450
11850
5500
13550
9700
4100
3150
15648
3099
15550
11050
14200
2800
9000
6700
5950
10850
14950
3750
8500
11400
13650
3300
13950
3500
10500
5850
11000
8850
10749
5607
14050
10550
7350
7650
16104
5950
6450
8600
15500
4450
12050
9150
4550
2800
16450
4150
10700
11650
5550
7900
4050
2000
11400
11050
5200
3150
4100
5850
4600
1850
11450
9800
4350
4750
